517
 431
 184
 126
 995
 522
 558
 393
 650
 290
 521
 914
 118
 833
 486
 446
 181
 700
 161
 497
 144
 828
 570
 328
 319
  83
 846
  85
 664
 494
 259
 542
 584
 458
 646
  44
 333
 910
 856
 608
 391
 675
 885
 545
 107
 318
 880
  69
 947
 884
 966
  59
 974
 269
 202
 491
 236
  80
 534
 768
 286
 620
 965
 449
 826
 424
 565
  72
 548
 283
 314
 469
 243
 613
 753
 607
 604
 831
 277
 859
 900
 895
 847
 921
 882
 673
 377
 557
 353
 734
 511
 344
 741
 373
 106
 135
 923
  98
   5
 206
 523
  82
 224
 744
   6
 779
 719
 867
 742
 255
 917
 397
 306
 942
 970
 252
   8
 927
 451
 871
 641
  52
 467
 637
 684
 593
 946
 292
 609
 601
  27
 232
 912
 459
 891
 902
 430
 780
 386
 710
 402
 922
 495
 217
 983
 934
 838
 266
 121
 752
 496
 109
 877
 363
 173
 987
 807
 520
 464
  32
 366
  87
 800
 957
 367
 448
 352
 499
 188
 915
 404
 894
 360
 590
 772
 594
 154
 420
 610
 598
 342
 868
 208
 671
 799
 195
 489
 577
 661
 528
 111
  57
 263
 759
 381
 460
 796
 950
  10
 829
 123
 234
 174
 750
  75
 336
 766
 703
 315
 715
 823
 172
 191
  33
 519
 296
 488
 985
 388
  24
 563
 822
 972
 733
 132
 205
 375
 636
 886
 849
 668
 731
 535
 959
 898
 680
 226
 612
  91
 175
 591
 311
 980
 699
 837
  56
 769
 155
 813
 818
 437
 308
  50
 253
  20
 231
 960
 412
 279
 963
 771
 379
 480
 996
 340
 137
 858
 717
 197
 148
 414
 196
 776
 814
 475
 317
 622
 789
 583
 278
 468
 630
 808
 656
 213
 443
 653
 267
 450
 697
 984
 119
  11
 113
 834
 477
  99
 962
 854
 218
 599
 537
  61
 810
 879
 186
 138
  92
 295
  36
 567
 869
 560
 982
 973
 103
 376
 638
 298
 399
 193
 304
 852
 883
 803
 773
 484
 897
 128
 657
 893
 969
 944
 392
 166
 954
 530
 949
 678
 794
  48
 147
 238
 481
 150
 192
 625
 513
 825
 745
 284
 321
 975
 466
 326
 120
 635
 827
 979
 462
  89
 139
 714
 337
 672
 605
 387
 918
 282
 237
 694
 639
 246
 930
  21
 440
 370
 968
 651
 233
 793
 993
 254
 503
 124
 600
 473
 401
 428
 765
 832
 648
 221
 763
 943
 797
 597
 662
 271
 374
 751
 427
 887
 275
 665
 323
 122
 821
 409
  60
  94
 932
 179
 585
   9
 421
 929
 216
 356
 258
 346
 398
 860
 149
 623
 541
  14
 396
 724
 812
  62
 297
  55
 559
 256
 618
 142
 562
 359
 569
  42
 211
 307
 941
 151
 199
 875
 952
 701
 976
  96
 434
  46
 802
 978
 874
 257
 303
 704
 561
 553
 413
  81
 502
 207
 642
 851
 300
 189
 313
  77
 338
 901
  41
 919
 792
 209
 544
 702
 350
  78
 260
 485
 112
 705
 456
 390
  67
 603
 790
 508
 408
 848
 775
  23
  58
 310
 578
   3
 341
 543
 288
 115
 711
 850
 527
 592
 644
 351
 331
 685
 361
 348
 426
 804
 445
 471
 890
 429
 909
 906
 101
 767
  22
  29
 506
 579
  25
 325
 389
 967
 758
 501
 836
 383
 708
 110
 343
 686
  97
 329
 748
 899
 820
 619
 870
 729
 228
 538
 690
 582
 276
 839
 693
 531
 272
 926
 235
 761
 845
 643
 294
 679
 371
 516
 740
 762
 394
 219
 130
 453
 709
 991
 989
 405
 785
 864
 108
 990
 533
 327
  66
 190
 824
 649
 143
 345
 332
 805
  47
 301
 998
 756
  53
 755
 667
 222
 369
 229
 465
 438
 287
 718
 939
   2
 971
 244
 444
 888
  45
 878
 754
 986
 575
 706
 474
 187
 515
 395
 815
 924
 732
 677
 737
 418
 512
 500
 696
  64
 182
 280
 728
 482
 529
 136
 134
 938
 504
 552
 167
 760
 478
 835
 165
 720
 857
 624
 198
  65
 616
 250
 507
 177
 896
 487
 425
 204
 362
 556
 227
 220
 439
 855
 913
 524
 626
 215
 743
  16
 791
 281
 334
 633
 811
 270
 183
 479
 945
 268
 872
 782
 131
 953
  17
 806
 273
 712
 550
 365
 683
 580
 692
 735
 415
 245
 249
 251
 853
 423
  18
 726
 203
 981
 844
 574
 928
 335
 841
 455
 707
 631
 212
 628
 454
  54
 125
 240
 977
  31
 739
 687
 349
 320
 291
 659
 940
 749
  68
 647
   4
 997
 201
 663
 843
 595
 357
 935
 322
 586
 248
 417
 615
 581
 355
 555
 554
 129
 816
 958
 658
 669
   1
 925
 632
 721
 863
 798
  43
 505
 400
 410
 861
 722
 540
 933
 747
 372
 457
  63
 159
 862
 907
 498
  90
 305
 262
  15
 264
  49
 713
 385
  93
 568
 652
 725
 316
  84
 403
 168
 660
 681
  73
 666
 676
 695
 571
 289
  30
 698
  86
 141
 285
 378
  51
 689
 242
 176
 419
 992
 951
 830
 587
 247
 422
  74
 302
 153
  37
 564
 441
 171
 670
  34
 576
 261
 442
 158
 786
  95
 490
 200
 145
 606
 654
 783
 509
 876
 787
 736
 956
 948
 146
 936
 157
 435
 716
 955
 169
 452
 730
 757
 988
 573
 682
  79
 324
 842
 551
 526
 312
  28
 908
  26
 764
 354
 114
  71
 518
 916
  39
 931
 784
 937
 645
 903
 889
 614
 964
 840
 152
 819
 640
 655
 904
 225
 688
 214
 617
 627
 461
 210
 140
 866
 920
 105
  35
 911
 358
 865
 566
 549
 788
 293
 382
   7
 407
 510
  19
 104
 470
 539
 881
 230
 611
  13
 384
 589
 746
 961
 170
 127
 634
 547
 100
 309
 873
 723
 380
 194
 691
 493
 180
 774
  38
 801
 411
 160
 330
 532
 406
 674
 892
 994
 447
1000
 117
 299
 621
 588
 239
 156
 185
 433
 265
 572
 778
 809
  70
 602
 795
 770
 817
  40
 178
  76
 432
 777
 738
 629
 241
 223
 436
 536
 999
 164
 905
 274
 364
 368
 727
 162
 492
 546
 476
  88
 116
 463
  12
 472
 525
 133
 163
 102
 339
 514
 781
 596
 483
 416
 347