 7916
 9517
 1251
  561
 4936
 2515
  987
 4950
 8868
 9450
 7134
 6238
 7410
 6733
 6709
 2727
 1744
 8037
 8464
 7939
 2347
 6902
 5655
 8251
 2168
 7648
  358
 9940
 3343
 9458
 1391
 7790
 8174
 8667
 9727
 7763
 2264
 8648
 8344
 1389
 9084
 7904
 7455
 1344
 2409
 1613
 3614
 8647
 5653
 3231
 8991
 4344
  974
 7925
 4870
 2435
 3682
 3735
 2166
 5240
 8432
 8212
 3785
 8430
 1721
  478
 1790
 3271
 8185
 7277
 4999
  372
  409
 3043
 3668
 3827
 4292
  423
 3092
 6317
 9698
 9411
 3137
 8637
 7089
 5485
 3527
 1151
 6171
 8013
 9972
 2546
 4608
 7321
 6548
  510
  466
 7487
 5218
 5731
 2915
 5562
 8114
 5403
 2863
 7905
 4032
 8092
 6769
 2282
 6307
 4384
 6305
 1738
 7940
 7468
 1414
 1292
 6988
 9853
 2028
 4676
 6093
 3983
 6696
 4148
  868
 4291
 8973
  828
  791
 8055
 9807
 5850
 3745
 9390
 2639
 9178
  991
 7179
 4147
  306
 3963
  750
 6613
  819
   22
 7015
 6348
 7582
 5924
 1244
 8819
 5253
 2805
 5744
 9859
 9389
 9298
 9614
  183
 4230
 5349
 7220
 8051
 1083
 1913
 4240
 8305
 8121
 9374
 7497
 4215
 4515
 3933
 9018
 2799
 6734
 9569
 8384
 5188
 6940
 6594
 4661
 4028
 1857
 4903
 6223
 4091
 1878
 4474
 5391
 6076
 5040
 6419
 6694
 8356
 9980
 3010
  406
 3332
 5715
 1328
 2812
 7647
 5012
 6825
 4809
 5005
 9688
 4022
 6035
 8171
 9012
 8621
 6856
 4829
 4691
 9144
 2441
 8770
 9844
 2897
 9528
 3756
 7969
 4123
 7016
 4196
 9213
 5884
  356
 1122
 5355
  947
 2981
 9258
 5971
 4840
 5637
 6328
 3846
 7713
  552
 8235
   31
 2916
 3173
 9583
 4263
 5203
 3062
 9345
 6452
 5894
    9
 5518
 9912
 5232
 1492
 9017
 3650
 7027
 7046
 4271
 1408
 3939
 7466
 1170
 4023
 7050
 1343
 8678
 2183
 5887
 3221
  525
 8626
 6784
 1193
 7001
  477
 5091
 7040
 9671
 6688
 1895
 1855
 2399
 2343
 5448
 8028
 1418
  364
 8665
 9070
 8041
 7056
  384
 3567
  685
 1782
 9427
 2694
 7793
  893
 3900
 5851
 6831
 6628
 4786
 1961
 1828
 1715
 3022
 1450
 3633
 8587
 2174
 6880
 6055
 4998
 7854
 9025
 2139
 4132
 1550
 2375
 3108
 3747
 6692
 1805
 9996
 4124
 4394
 9915
 2901
 5312
 2705
 5881
 2745
 3772
 9054
 1556
 1361
 2938
 2221
 7236
 8058
 6383
 7033
 2912
 2933
 4325
 5027
 8499
 1229
 1052
 2707
 8093
 5947
 9618
 3418
 4841
 8988
 9274
 6097
 6234
 3016
 5516
 9187
 2044
 9627
 4578
  471
  314
 7052
 2927
 5029
  897
 8728
 4207
  436
 1809
 3926
 6563
  894
 6203
 9470
 9055
 7462
 5309
 5074
 8661
 5046
 7735
 2969
 8402
 9426
 1240
 3084
 6496
 1978
 6459
 6712
 6827
 1873
 5420
 3144
 3030
 9866
 9537
 3991
 6541
 4963
 5914
 7926
 7644
 6424
 3730
 6985
 6482
 6407
  416
 7010
 8157
 3858
 1050
 5170
 4583
 8879
 1363
  835
 9215
 4813
 8776
 5271
 8141
 2446
 2424
 9362
 5530
 5804
 1649
 3060
 2995
 1155
 3948
 9288
 9712
 4946
 7589
 1797
 6980
  719
 6179
 1731
 8239
 2557
 2432
 4765
 8627
 4624
 7426
 5956
 1974
 3413
 3281
 6678
 9971
 2684
  759
 8492
 1293
 7673
 2790
  861
 2634
 3183
 2293
 9576
 6543
 7145
 5115
 1140
 1456
 8450
 2617
 1605
 8847
 7196
 2670
 1549
 7441
 5252
 7275
 8163
 3454
 5763
 8022
 6635
 5359
   86
 5732
 7469
 3635
 6455
 9002
 4331
 6636
 4309
 1254
 9133
 6302
 6843
 4622
 8540
 5974
 6600
 7063
  859
 3296
  429
 9836
  248
 3007
 1624
  827
 8608
 2226
 7080
 8387
 7424
 8924
 7946
 1723
   47
 4109
 7358
  840
 8127
 9110
 3142
 4591
 4751
 3098
  679
 5173
 4680
 9221
 9496
 5017
 8061
 3708
 7874
  446
 6894
  797
 2968
 4265
 7367
 6603
 5496
 1160
 5613
  742
 1452
 9316
 8480
 8094
 4374
 5563
 9170
 8178
 7569
 2483
 4301
 2979
 2628
 4367
 8500
 8522
 7884
 7528
 6010
 5364
 7381
 2123
 4919
 4767
 2024
 3077
 6146
 8829
 4211
 7480
 8783
 5108
 2667
 1787
 6865
 5369
 6330
 1996
 6191
 9829
 9572
 1388
 2851
 2761
 7248
 2373
 8901
 6847
 7651
 9774
 1161
 3736
 9529
 2104
  280
 2552
 6927
 7747
 7525
 5668
  128
 3307
 4385
 2530
 7873
 4246
  401
 5654
 4992
 1663
 8139
  490
 8830
 6689
 8933
  141
  796
 1067
  379
  856
  114
 9749
  315
 8281
 2806
 9624
 6818
 7817
 5414
 7418
 1005
 9769
 8898
 2769
 3705
 4242
 7887
 2478
 2007
 2426
 8915
 1638
 5554
 1802
 8004
 5582
 7617
 9559
 5837
 4450
 4140
 2200
 1424
 7330
 1633
 4861
 6352
 2608
 9357
 5238
 5176
 7245
 6768
 6522
   63
 4210
 9093
 8514
 2131
 4167
 2592
 7201
 2289
 5656
 8870
 1433
  597
 7310
 7215
 2466
 1308
 7752
 8089
 3379
 5104
 7635
 8105
 1559
 6381
 7219
 9044
 5547
 1622
 1709
 5250
 3018
 1616
 4830
 5080
 7355
 4933
 4552
 2003
 1395
 3432
 9581
 3988
 3753
 4858
 1107
 3461
 3599
 2575
 3737
 8211
 6944
 1477
 7067
 4571
 1717
  769
 1271
  728
 4118
 8798
 4396
 2732
 1053
 1523
 5116
 4150
 1829
 9953
  305
 6853
 8216
 9380
 9999
 8906
 5284
  354
 9504
 9636
 9246
 1169
 1144
 8641
  297
 8569
 3175
 3689
 1137
 5616
 9138
 6469
 5615
 1295
 4455
 3936
 9211
  492
 5365
 7023
 4172
 4927
 6160
 1086
 7843
 2621
 6920
 5007
 1467
 2103
 5134
 3688
  168
 8858
 4611
 4342
 9425
 4162
 3100
 1139
 7060
 8609
 3384
 9257
 9361
  355
 4505
 1120
 7210
 1903
 6110
 6050
 5423
   88
 7896
 7227
 8433
 2152
  837
 6333
 4554
 9293
   40
 9714
 1377
 9939
 7262
  234
 5776
 3980
 4921
 4047
 7394
 4111
  587
 8378
 6620
 9719
 8872
 7987
 1383
 8877
 6150
 4695
 3233
 3480
 3522
 2147
  263
 1863
  147
 2718
 3130
 3592
 1285
 4372
  137
 5292
  697
 3028
 2313
 4860
 5959
 8917
 4986
 7993
 3128
 9418
  648
 4398
 7013
 1591
 4646
 2502
 8377
10000
 7737
 6264
 5418
 2655
  888
  904
 9336
 6440
 2090
 1776
 1063
 1959
  104
 7970
 5001
  487
 7363
 3309
 4411
 7964
 9673
 6839
 8446
 8271
 7498
 9871
 1369
 6165
 4323
 4355
 9060
  323
 3192
 3631
 1112
 7626
 1288
 7665
  242
 2462
 8162
 6502
 8622
 1684
 7643
 1350
  763
 3996
 5868
 7906
  485
 6909
  576
 8397
 8306
 6492
 9585
 8270
 1451
 3687
 7599
 5926
 2083
 7183
 4267
 7797
 1666
 2620
 9931
 4222
 8082
 2685
 4880
 3621
  231
 7985
 4866
 8278
 8243
 4155
 5742
 4795
 1891
 3001
  803
 4473
  303
 6871
 8287
 6324
 5248
 8690
 9715
 1462
 3201
 1708
 4559
 3111
 6664
 5500
 8909
 5999
 8507
 1119
 6578
 6846
 6654
 6929
 4466
 1800
 9974
 4352
  516
 4730
 4324
  245
 9993
 4923
 2156
 6840
 9307
 3626
 4088
 4333
 7360
 5147
 6202
 6483
 3397
 8658
 9447
 7404
 5291
 3972
 7680
 9725
 5866
 7457
 5711
 5980
 2238
 4103
 1096
 6507
 2987
 7332
  913
 7727
 4694
 4781
 7296
 7566
 7545
 6518
  970
 2190
 3721
 9958
 5450
 7813
 6311
 9150
 8338
 4174
 3449
 2857
 7342
 7490
 1991
 8786
 3719
 4501
 2577
 3317
 4753
 8761
 1831
 4470
 3663
 2212
 8395
 1952
 5699
 8223
 7038
 2841
 6643
 1940
 6258
 5422
  145
  855
 1859
 3867
 6803
 4647
 2482
 4433
 3490
 2833
 8371
 5102
 5367
 3162
 1262
 9001
 7892
 3595
  678
 3336
 2892
 2396
 2518
 7551
 4068
 1490
 7422
 1260
 6602
 3364
 3905
 9107
 7726
 2673
 3050
 6408
  980
 7624
 3967
 5210
 5952
 2159
 7824
 4277
 5548
 6108
 8705
 9203
 1042
 6078
 9646
 7218
   56
 7521
 7174
 6530
 2277
 9886
 9320
 8536
 9679
 8019
 3288
  600
 3334
 3376
 8610
  996
 4075
 3879
 3564
 5141
 2725
 1849
  676
 5978
 8527
  206
 8241
 8393
 9140
 9153
 8363
 5445
 6042
 2002
 7231
 7642
 2346
 8554
  817
 3131
 7379
  188
 1581
 2393
 6031
 6899
 9139
 5285
 2364
 1036
 7333
 5379
 2063
 1692
 4077
  787
 6004
 3245
 4642
 4972
 8805
  205
 3392
 2231
 6877
 4778
 4899
 3653
 7029
  898
 1108
 2330
 3571
 4807
 1503
 3398
 1925
 8156
 1918
 3415
 9530
 1138
 3184
 9763
 1337
 7339
 3566
 8298
 9323
 4988
 5471
 8030
 6066
 5995
 2638
 6356
  802
 3798
  727
  946
 6086
 8905
 2422
 1421
 4794
 7932
 1483
 8614
 8620
 6499
 6862
 1681
 3978
 7433
 2284
  658
 1679
 4531
 7166
 1205
 3120
 1583
  533
 2939
 2531
 5236
 1173
 3455
 6545
 2082
 2258
 1972
 1199
 3211
 5082
 7101
 3186
  914
 4598
 4567
 4589
 4241
  884
 4981
  922
 2997
 8258
 2983
 4541
  329
 9898
 6609
 1640
 2228
 3625
 3212
 6354
 1768
  211
 3453
 6464
 6705
 7773
 1620
 4073
 2476
 8312
 7716
 8758
 9902
 3071
 3704
 4180
 2701
 2000
 2359
 6479
 3932
 9695
 7995
 4500
 4488
 2770
 7419
 4366
 1298
 9959
  244
  642
 9861
 6430
 5973
 3819
 1198
 4762
 6058
 1854
 1673
 1810
 9519
 2703
 3609
 7885
 9424
 5827
 4718
 6262
 4449
 7576
 5627
   18
 2957
  739
 4131
 5149
 2615
 8466
 4876
 5565
 7628
 2846
 4480
 3833
 8808
 5416
 9767
 9004
 8579
 9100
 3600
 1459
 2630
 5962
 3002
 2756
 2965
 6590
 6134
 1551
 9612
 6562
 9833
  792
 2204
 2046
 1515
 7519
 2126
 3439
 4475
 8930
 6448
 7922
 9802
 7137
 2250
 8890
 1702
  116
 4827
 2242
 5750
 6355
 5330
 4545
 3456
 3526
 3573
  569
 8386
 7783
 2492
  671
 7524
 7442
 2537
 1263
  295
 8744
 2191
 2368
 2870
 2768
 2484
 9863
  673
 5332
 6151
 3940
 8837
  261
 7740
 9795
 7963
 9433
 9461
 9816
 7712
 2734
 3478
 6241
 7055
 7461
 1999
 6437
 1200
 1405
 1310
 4059
 4698
 7477
 1755
 7653
 2548
  754
 6384
 5733
 5643
  793
 6457
 2216
 6564
 8193
 5033
 3054
 1497
 9216
 4421
 4893
 7997
 1399
 1545
 9161
 4777
  100
  194
 5477
 2832
 6417
 9237
 9663
 7810
 8293
 9822
 9741
 7129
  832
 9527
 4828
 8530
 6468
 4725
 1004
 8265
  312
 5280
 2434
  152
 4790
 2562
 2618
 7312
 9577
  744
 4556
 8069
 9713
 8996
 4737
 9870
 8282
   33
 1468
 7829
 6406
 7149
 8604
 5799
 9234
 5382
 9743
 2121
 4942
 9768
  318
 7615
 8462
 1781
 2234
 5327
 3072
 3770
 2497
 2089
 4735
  647
 2876
 1528
 4484
 6766
 6886
  328
 8809
 5683
  493
 7542
 2527
 4021
 6363
 9103
 1827
 6608
  498
 5009
 5294
 6458
 2596
 2692
 5824
 3555
 5158
 6347
 9979
 9944
 7192
 3118
 7147
 3715
 8477
 8846
 3133
 5503
 5652
 9192
 7075
 3048
 9507
 5931
 5273
 6084
 4619
 2787
 3574
 3298
 7182
 8585
 8497
 7390
 8571
 1429
 3883
 5264
 2140
 5345
 8904
 5833
 3155
 6207
 6795
 2890
  124
 9453
 4655
 7066
 7850
 9672
 2823
  232
 4238
 9937
 2713
 9735
 9799
  928
 5951
 8701
  541
 4497
 3280
   25
 3685
 4834
  520
 5965
 2266
 7008
  529
 9333
 4065
 7165
 1584
 1216
  765
  999
 4005
 8652
 5849
 8145
 8766
  333
 4496
 7686
 6815
 9603
 2353
 3852
 9085
 2176
 9775
 2308
 1804
 4165
 4869
 5190
 1142
 8561
 4564
 7160
 7451
 8441
 7914
 3944
 1472
 3076
 2244
 9151
 9484
 2105
 8749
 7156
 2659
 7259
 1946
 8331
 4364
 3199
 1231
 1056
 3315
 5011
 1406
 9757
 8465
 7658
 2062
 6411
 4774
 3253
 3197
 6280
 5021
 9677
 3605
 8422
 6954
 4514
 9744
 6453
 4909
 2460
    5
 7142
 7002
 9827
 3138
   13
 7260
 6674
 8407
 4595
 9370
 4448
 6248
 9703
 1156
 6707
 5662
 3711
 2973
 7009
 7786
 6431
 5229
 5512
 2672
 8519
 7119
  151
 2155
 4235
 7553
 8946
 8928
 4087
 3372
 5614
 3594
 4527
 9970
 1282
 4101
 8804
 5209
 5211
 4285
 3003
  249
 8797
 7239
 1202
 8181
 2414
  937
  568
 5890
 8147
 6183
 4035
 1689
  902
 1794
 1830
 5440
 6747
 7801
  746
 6168
 9337
 6127
 5860
 1601
 7237
 6833
 3217
 3485
 9635
 4637
 1555
 9839
 7175
 1154
 5411
 3582
 7320
 9531
 4991
  200
 1572
 2715
 8851
 3815
 5726
 3521
 7866
 1378
 3506
  107
 4542
 7971
 7301
 4462
 7708
 7550
 9415
  307
 8108
 4045
 9231
 3290
 6900
 2895
 9254
 7443
 7583
 7654
 5871
 9423
 4791
 4317
 7870
 6267
 9592
 1897
 1346
 1547
 7564
 4728
 3058
   19
 8688
  465
 6669
 3357
 1496
 8324
 9111
 8469
 9746
 2315
 5537
 2786
 7413
 9954
 6141
 9545
 1221
 8848
 3837
 9325
 9772
 5257
 5094
 5989
 1006
 2187
  535
 3262
 9056
 5941
 6999
 3510
 7586
  705
  515
 6396
 1835
 4299
 7314
 2509
 5144
 2945
 7656
 3409
 3598
 5641
 7733
 1180
 2042
 2017
 5534
 8625
 3665
 9689
  628
 8370
 2165
 8420
 7973
 1428
 2690
 1466
 8496
 6220
 3093
 7798
 5197
  258
 1184
 7117
 5583
 8769
 3888
 8992
 1785
 5876
 4648
 6800
 2829
 3061
  395
 3095
 3243
 5180
 5244
 8606
 2595
 8862
 3722
 2543
 3752
 6369
 4779
 2415
 4079
 5879
 4653
  908
 3857
 1659
 2463
 6513
 5707
 8632
 3787
   72
 7285
 8987
 8542
 8912
 4254
 1147
 2137
 2512
 4816
  178
 3305
 6892
 3235
 2310
 6964
 4902
 5341
 5317
 8646
 6876
 7908
 8801
  961
 1059
 2822
 7639
 8313
 5042
 6017
 2172
 8233
 2687
 8670
 5697
 5227
 8109
 5587
 2645
 5476
 5286
 5393
 2489
 8493
 1250
 5169
 4313
 2094
 4742
 1084
 9500
 6704
 9440
 1197
 6300
   35
 3239
 7073
 2361
 3400
  560
 7585
 6976
 9048
 4183
 6809
 4875
 3503
 7662
 6122
 5234
 6904
 1699
  747
  175
 2311
 5822
  918
 7319
 8535
 6539
 2194
 3859
 2145
 6388
 3344
 4638
 9782
 5650
 7088
 2676
 2866
 5444
   45
  875
 8691
 1178
 6410
 1441
 2875
 1340
 9515
 4726
 6907
 2682
 7646
  715
 7006
 4729
 3355
 8025
 4253
  923
 2532
 7883
 3942
 8436
 9032
  338
 1444
 4576
 4952
 9183
 6914
 6009
 8381
 3495
 1765
 2643
 9722
 5975
 1037
 1598
 9061
 5722
 9218
 6644
 1833
 8736
 3801
 6038
 1987
 2474
 5756
  513
 2370
 2934
 2952
 7252
 3748
 7380
 7917
 6725
 3269
 2669
 5353
 2112
 5324
 6538
 5153
 3435
 7872
 2622
 9050
 4415
 1635
 3918
 9699
 7409
 1265
 6542
 9327
 2588
  462
  229
 8918
 7819
 5855
 3664
 7742
 6003
 4935
 2594
 1287
 2380
 7890
 8931
 6967
 9024
 7562
 7928
 9796
 6841
  672
 8398
 8760
 3701
 1862
  204
 4438
  609
 5164
  203
 3541
 7022
  171
 9269
  771
  886
 6107
 6080
 8896
  180
 6111
 5816
 7697
 5977
 5242
  635
 6131
 5928
 1896
 4635
 9606
 7689
 4806
 1179
 5815
 5591
 5152
 3165
 9271
 7494
  135
 5725
 9455
 1469
 5381
 3585
 1676
 3059
 5048
 2802
 3603
 2420
 2736
  192
 7364
 4688
 1085
 3326
 2120
 3676
  196
 6341
 2893
 2243
 3656
 1943
 4881
 4276
 8806
 9914
 2782
  352
 1255
 9557
  472
 1321
 3672
 2772
 6378
  654
  934
 9474
 2456
 3134
 6873
 4984
 7077
 1710
 6068
 7666
 8104
 5360
 8726
 5087
 3898
  313
 2572
 2989
 1481
 1480
 3828
 1566
  499
 9066
 6675
 9668
 1297
 1133
 6838
 7608
 1610
 8186
 3313
 7475
 6030
 7953
 4898
 8591
 2012
  397
 1743
 4369
 4066
 9043
 1088
 8602
 8454
 6516
  941
 5472
 6360
 5053
 7543
 6624
  935
 2464
 7195
 9014
  952
 8839
  850
 3498
 7153
 4157
 1386
 7818
 9548
 4429
 9451
 4439
 6034
 8447
 4843
   83
 7587
 6687
 8795
 8237
 7886
 3471
 3279
 8813
 6731
 6854
  103
   89
 5300
 1303
 6094
 4251
 9704
 9417
 9344
 4426
 6170
 6775
 1757
 1266
 1646
 2641
 2232
  371
  620
 8753
 5135
 9410
   28
 9063
 5885
 4993
 5138
 4900
 2826
 2275
 3385
 5972
 2743
 9090
 8566
 9080
 5441
 6960
 9367
 4193
 4709
 9550
 1645
 6273
  341
 2553
 1479
 2959
 9641
 9230
 6710
 9764
 5054
 1643
 3167
 2625
 5366
 5462
 6762
  777
 7359
 3345
 2381
 9917
 9351
 9522
 7428
 6237
 1124
  878
 7855
 1176
 1403
  433
 5875
  321
 5533
 5034
 2873
 1495
  111
 7681
 1928
 8247
 7842
 4593
 3045
 3237
 8152
 4258
 2921
 6057
  959
 8628
  993
 3723
 6283
 8330
 1795
 9701
 9109
 6434
 8963
 5678
 4435
 8734
 5629
 1604
 1189
 5757
 9444
 7761
 9962
 2801
 1931
 1397
  814
 9881
 8789
 1031
  852
 5070
  545
 4399
 6834
 3552
 3877
 8074
 2148
 1748
 9661
 6975
 2095
  123
 8302
 9116
 1520
 3583
 6995
 1394
 7745
 4382
 2314
 1236
 8023
 5870
 3820
 5453
 4910
 2563
  470
 3273
 6085
 6657
 9381
 3255
 9074
 5482
 6743
 4669
 6699
 1437
 8294
 2286
 3256
 4099
 9280
 1457
 1728
 5916
 9488
 3395
 3349
 8640
 5826
 6553
 6401
 9621
 1118
 6607
 7743
 7676
 5035
 1364
 7194
 7432
 5674
 3970
 6972
 9613
  818
 1417
 7309
 9792
   80
 1832
  966
  339
 8021
 7368
  785
  965
 8673
 2864
  979
 9514
 8064
 6489
 9312
 6921
 6120
 3984
 9637
  983
 9596
 3788
 9494
 4027
 2116
 5269
 9798
 9383
 2443
 3990
 3713
 3904
  389
 7344
 4586
 3470
 7375
  988
 1947
 1185
 6029
 2948
 5751
 3037
 8654
 3401
 4443
 9506
 8840
 3312
 3761
 3412
 4058
 5270
 8317
 8964
 6903
 3011
 5859
 4486
 1532
  418
 4770
  967
 9086
 9295
 2245
 2607
 6741
 9858
 7637
 2551
 3916
 6616
 2817
 8929
  730
 9401
 4286
 3270
 4281
 9511
 7660
 1798
 6023
 6316
 6870
 1376
  815
 8720
 9236
  367
  540
 7271
 6480
 3053
 8780
  431
 5469
 2302
 6485
 3188
 9582
 8531
 4175
 1407
 7158
 5596
 3027
 3148
 2001
 7448
 4454
 6166
 4711
 3891
 7068
 9875
 8319
 7276
 5498
 1539
 3909
 1223
 1474
 2946
 9568
 4094
 1089
 6520
 4926
 3674
 6982
 2085
 8348
 8236
 7777
 9020
 9492
  131
 8044
 1886
 1000
 7512
 3446
  502
 9706
 1366
 2862
 4705
 9402
 4536
 2651
 5510
 2052
  363
 6461
  526
 1694
 5686
 4478
 6427
 9665
 2169
 5758
 3484
 1020
 4789
 6420
 9125
 6088
 1651
 2814
 6361
 6219
 5026
 7592
 6268
 3311
 1214
 4904
 5761
 6717
 3068
 3082
 4467
 7020
 9126
 4570
  585
 1938
 8644
 5644
 5749
 8203
 8179
  275
 2662
  657
 4390
 6810
 8900
 4121
 8063
 1097
 2827
 1062
 4657
 5923
 6528
 6069
 4686
 8155
 8057
 3802
 7268
 5313
 9148
 2240
 3496
 8693
 7876
 6364
 1246
 1116
 9947
 4852
 8509
 8099
  105
 4237
 6049
 1099
  272
 3616
 1574
 3666
 6484
 4894
 7807
 1924
 5396
 3229
 2760
 6466
  291
 7069
 1228
 8675
 8710
 3469
 6950
 2495
 7631
 6339
 6587
 7146
 3999
 9702
 1944
 9680
 1311
 8137
 7401
 2913
 4092
 2656
 3160
 6893
 2755
 5189
 9686
 6216
 7577
 1579
  581
  348
 7092
 4787
 8024
 1569
  482
 1091
 3328
 5421
 1339
 5586
 9121
  639
 7041
 9789
 2185
 6047
 7756
 5458
 7180
 3805
 8232
 9058
 6306
 2237
 1866
  889
 1767
 6225
  337
 1113
 4953
 2118
 9986
 5944
 1106
 2904
 2884
  684
 8844
 9809
 2162
 1747
 3460
  721
 3257
 1690
 5276
 5532
 3347
 6923
 1846
 3673
 7540
  509
 3853
 8374
 7378
 2878
  841
 8475
 2451
 3784
 1125
 1588
 7754
 3494
 6544
 8325
 1100
 1783
 9941
 8423
 7894
 4773
 7536
 1453
 9202
 2066
 7760
  553
 8592
 4684
  411
 6586
 5789
 3049
 1864
 7125
 3169
 7054
  414
 4555
 5479
 8937
 9535
 1471
 7045
 5509
 6336
 2297
 8525
  235
 1208
  804
 6885
 4436
 4681
 4574
 8995
 7493
 9071
 9748
 1909
 3657
 2246
 8729
 7929
 8583
 9532
 8843
 1064
 3906
 2487
 6804
 2767
   99
 8971
  130
 7423
 8708
 3389
 4889
 9813
 3551
 8651
 1249
 1984
 7341
  621
 7959
 6570
 9022
 2223
 4928
  745
 9335
 6948
  144
 5277
 3641
 3920
 8962
 5760
 1533
 5260
 9988
 8950
  625
 2271
 1958
 8633
 7471
  583
 7607
 4592
 3771
 8598
 5377
 5892
 2239
 1404
 4269
 9078
 7190
 2230
 9862
 3864
 6067
 8182
 7815
 4298
 1756
 2018
 1597
 7772
 2199
 2111
 9676
 5302
 1578
 5555
 4710
 2930
 8941
 3124
 6740
 2182
 2828
 8895
 3739
 3149
  387
 6857
 3442
 4650
 2717
 5856
  882
 3693
  334
  522
 6653
 3436
 7217
 2855
 9226
 2247
 1502
 6386
 1402
 6340
 1930
 9404
 2539
  870
  953
 1368
 8034
 9365
 6942
 7623
 5918
 3813
 1101
  844
 2867
 4692
 8976
 5491
 8733
 4310
 7391
 5527
 3575
 5073
 8741
 3094
 9533
 6938
 2949
 4321
 8581
 3026
 5157
 9317
 6497
 8861
 3660
 7692
 1181
  292
 7326
 5828
 8340
 7017
 7718
 4416
  326
 7958
  404
 2278
 1725
 2955
 1079
 9787
 1051
 6493
 6390
 6774
 3901
 5939
 2950
 9800
 2181
 4020
 2058
 6487
 6490
 2853
  770
 9922
 2207
 2579
  304
 1813
   27
 7489
 9224
 1177
 6556
 2374
  865
 4270
 1951
 6255
   51
 2843
 7535
 7140
 5782
 4905
 3333
 8793
 7750
 7685
  208
 8132
 6781
 7037
 6508
 8309
 4485
 6026
 5335
 7645
 8382
 2586
 3079
 5483
 6686
 8448
 1256
 8151
 6318
 2064
 6897
 9869
 7163
 7785
 5558
 8355
 4395
 7875
 3546
 7113
 2844
 4824
 2108
 5986
 7035
  434
 4332
 6519
 2379
 2440
 5805
 6041
  969
 4383
 4479
 5137
  688
 1637
 4962
 4955
 7531
 9476
 3557
 1033
 5031
 8060
 5825
 2034
 3125
 6966
 5893
  643
 6640
 6895
 7199
 6362
 2522
 7900
 6392
 9874
 6266
 5311
 5066
 8197
 4445
 8266
 2794
 7972
 3039
 8873
  731
 8416
 3507
 7944
 9594
 1487
 6157
  148
 4228
 4194
 4122
 6256
 1494
 3479
 9989
 5181
 8158
  873
 3276
 9386
 3659
 5526
 5128
  992
 3543
 9328
 5970
 7393
 1065
 1654
  664
 9072
 1713
   42
 3976
 9299
 2025
 5424
 9456
  890
 2644
 5772
 7223
 2636
 6117
 2988
 1087
 6987
 4947
 8557
 9250
 8838
 6748
 9759
 9546
 5014
 9304
 5215
 8083
 5743
 1879
 5667
 1188
 3678
  556
 9867
  573
 6402
 6919
 4693
 2215
 6874
 1544
 2295
 6465
 5642
 9589
 5723
 2604
 5389
 3113
 7459
 3806
 5030
  582
  927
 6155
 5771
 9412
 5729
 3416
 8552
 9634
 1989
 3540
 6212
 5940
 9261
 3931
 2971
 9414
   20
 7520
 7622
 4495
 4143
   21
 7996
 3382
 6471
 8351
 1820
 1948
 8747
  924
 7751
 4643
 6442
  613
 2113
 2078
 5913
 6297
 3387
 6319
 7024
 5119
 5459
 7575
 9657
 3707
 4649
 2545
 5661
 3458
 6529
 9848
 1759
 2990
  195
 4577
 9738
 6271
 6617
 8919
 5538
 3740
 3405
 2349
 8555
 8080
 6278
 8417
 5791
 2598
 4225
 5492
 2664
 4658
 1484
 2417
 3578
 3515
 5155
 5265
 1506
 2516
 7679
 6596
 3636
 2974
 9179
 6233
 6790
 4380
 2135
 8072
 1548
 5460
 1678
 6136
   43
 9459
 2781
  324
 4877
 1779
 7293
 5105
 6946
 5051
 3351
 9818
 8123
 7795
 2369
 8553
  497
 3205
  226
 5368
 8655
 3863
 6668
 1257
  449
 3321
 9247
 5676
 3369
 7687
 7356
 1965
 5435
 9520
 3893
 9198
 3816
 3222
  713
 6527
 2341
 9762
 5256
 1332
 9264
 5862
 8489
 6349
 3248
 8778
 6963
 9214
 7749
 9015
 7804
 9037
 3366
   12
 6878
 4853
 9666
 4914
 3457
 4472
 1015
 6109
  936
 8704
 5508
 9742
 5337
 8153
 4037
 3947
 9225
 6574
 3613
 1933
 3921
 2614
 2485
 4956
 9285
 7504
  503
 4797
 7402
 8612
 8884
 3181
 1647
 9300
 1641
 2015
  405
 9482
 3023
 7204
 5194
 8284
 4901
 5675
 9655
 8512
 3750
 9238
 4481
 3348
 6767
 5636
 5101
 1401
 9913
 6622
 3278
 4506
 8978
 9481
 6192
  909
 8544
 2227
  997
 2609
 5960
 6286
 9241
 8222
 3295
  779
 1233
 5062
 3318
 1044
 7730
 5609
 2348
 2304
 7127
 7975
 3717
 6939
 2671
 6823
 1448
  645
 5182
  394
 3589
 8149
 8046
 8484
 9808
 3501
 9794
 4673
 3202
 7273
 6206
 1573
 7110
 4804
 5682
 3998
  417
 7407
 3961
 8456
 9137
 6091
 4343
 9897
 7415
 2220
 4262
  960
   82
 4006
 6013
 7966
 3528
 1688
 5983
 6007
 3902
 8214
 5546
  201
 9454
 1941
 7976
 7370
  215
 3451
 7758
 6312
 4785
 1023
 6512
 4405
 9112
  883
 5113
  349
  353
 1443
 7838
  846
 5456
 7032
 8288
 6604
 5513
 9840
  823
  577
 1080
  538
  572
 7724
 6824
 8133
 3004
 2886
 2481
 3627
 2652
 7384
 9253
 9969
 3861
 3533
 6119
 9160
 5333
 7812
 2623
 8189
 5806
 7116
 6758
 2298
 3728
 7318
 9991
 8634
 3675
 9885
  461
 3622
 2550
 7397
 1680
 7111
 9127
 1665
  484
 8504
 1242
   16
 9721
 5982
 4772
 5097
 8871
 6663
 4293
 5589
 6472
 5672
  867
 1026
 8683
  360
 8954
 3889
 2382
 7998
 1740
 2188
 2316
 3208
 2606
 9985
 5486
 9803
 5704
 2633
 9785
 2542
 9267
 9340
  677
 5902
 4012
 2306
 7734
 3917
 2288
 8887
 4049
 6032
  562
 2722
 2097
 6244
 2459
 3127
 7478
 2122
 5706
 7823
 1247
 5185
 8785
 3504
 6956
 9626
 2896
  839
 6274
 1021
 5417
 4920
 4217
 7345
 7308
 9011
 5714
 2958
  990
 7779
 6866
 2192
 6822
 8486
 1719
 7366
 5065
 3642
 8170
 2675
 7602
 6555
 4750
 7988
 2333
 6320
 6722
 4965
 4978
 5140
 3051
 8415
 7770
 3196
 9956
 7903
 8821
  860
  786
 5957
 5963
 8011
 5346
 3327
 3170
 1412
 4934
 1587
 1360
  187
 1524
 6215
 9752
 2020
 2287
 3324
 4498
 5969
 3943
 2356
  495
  931
 9547
 4377
 7721
 5898
 8103
 8495
 7830
 6197
 8491
 3163
 8814
 9083
 2757
 5801
 9586
  392
 5404
 1796
 3005
 7483
  327
 6503
  912
 8732
 1963
 8254
 7755
 6819
 2868
    7
 9326
 5961
 5216
 7123
 8723
 7878
 5214
 2570
 5541
 1499
 8292
  651
 1992
 5810
 3104
  474
 4600
  599
  885
 1171
 5823
 3774
 1465
 4982
 1814
 6844
 8091
  113
 5205
 4823
 3286
 4163
 5394
 9297
 5985
 2049
  766
 1409
 3894
 5910
 3577
 2438
 6028
 7574
 2580
 7251
 7053
 2859
 8036
 8600
 3654
 2080
 8911
 7247
 5897
 8327
 1526
 3968
  772
 8335
 4943
 4837
 9819
 5301
 7416
 1458
  251
 2100
 5543
 2503
 9448
 6180
 8807
 4078
 5843
 8403
 6092
 5669
 6335
 5605
 2910
 1001
 4812
 1683
  457
 8228
 1039
 7226
 7181
 5132
 7281
 9736
 6681
  906
 5274
 5304
 3502
 4289
 6593
   29
  622
 1808
 2720
 1668
 3602
 7694
 6246
 8449
 1357
 8017
 8122
 3538
 7021
   93
 2133
   81
 1543
   67
 1998
 6882
  824
 6477
 2130
 4516
  723
 4117
 2160
  720
 3512
 4052
 9088
 4297
 8817
 6573
 9662
 4104
 6250
 5429
 6978
 3139
 8140
 4741
 4792
 7994
 2709
 1736
 2917
 1275
 3610
 3264
 6783
  302
 9664
 9831
 8428
 3042
 8337
 4620
 2779
 5752
 1868
 4719
 3462
  320
 1114
 6123
 4236
  285
 6931
 2274
 1234
 5949
 8927
 2101
 2389
 1858
 2479
 1542
 8218
 6053
  614
 6253
 8944
 8759
 5022
 5664
  669
 7286
  126
 2508
 6671
 5840
  699
 3198
  166
 7240
  276
 2383
  277
 1703
 8709
  880
 6239
 4713
 4085
 1686
 6357
 4664
 5638
 1822
 3794
 6551
  851
 1252
 5120
 4703
 1734
 3516
 8110
 6083
 8660
 2328
  896
 3572
 2809
 8396
   32
 5446
 7595
 5475
 2416
 5607
 2340
 7081
 9212
 7822
 5454
 1917
 2035
 1704
 4116
 4690
 8240
 4013
 6863
 9000
 7930
 6979
 5684
 4003
 6172
 1342
 4097
 5612
 6189
 8101
  869
 3083
 1847
 4375
 5468
  439
 4381
 7250
 5619
 1639
 1623
 2045
 1489
 9753
 2273
 6672
 3559
 9674
 5117
 1323
 1041
 9091
 9834
 2036
 3960
 6642
 6933
 7246
  612
 3923
 9625
 8343
 6027
 1664
 3266
 5195
  236
 1521
 4745
 8972
 7776
 5524
 6751
 5047
 4916
 1536
 1982
 3760
  299
 1693
 7288
 7517
 7186
  221
 2865
 3207
 8757
 6756
 2377
 1129
 3006
 1190
 6162
 5032
 1127
 5438
  740
 9525
 9306
 6000
 3403
 5221
 7912
 3230
 4115
 4389
 8939
 9165
 5588
 4793
 5106
 9841
 1737
 3951
 5812
  748
 7496
  210
 8073
 5698
 7629
 4335
 7373
 8653
 3873
 1095
 7955
 4008
  714
 4614
 8007
 9824
  638
 8459
 3950
 7954
  335
 7597
 9207
 2206
 4400
 8629
 5481
 5049
 4587
  659
 4392
 2559
 1012
 6184
 7546
 5795
 6079
 2600
  733
 2319
 4932
 3340
 9976
 2797
 1627
 7105
 2856
 2102
 9403
  407
 3293
 3404
 2363
 5150
 1553
 8283
 4490
 7434
 5814
 8638
 9669
 5275
 6605
 6943
 7289
 9838
 1936
 2719
 8831
 7522
 5665
 2523
 5100
 8452
  724
 4308
 2324
 8947
 8443
 6290
 4053
 2006
 9739
 3928
 5790
 8146
 9938
 1950
  963
 9879
 2366
  296
 7913
 1510
 8574
 5322
 5921
 3924
 1066
 3171
 2342
 8188
 7437
 7162
 6405
 4663
 5061
 7012
 8418
 2861
 5010
 5620
 3518
 5200
 6633
 6952
 8085
 5199
 9391
 9114
 4775
 8582
  550
 7005
 6858
 9439
 8316
 6745
 4768
 6368
 9206
 9911
  899
 8451
 4018
 3634
 2764
 2335
 7962
  686
 5765
  962
  929
 6812
 9097
  932
 4300
 3856
 4206
 4139
 4805
 4102
 3714
  223
 3648
 2175
 8279
 9765
 6279
 5628
 9906
 4878
  589
 6889
 9193
 9052
 4444
 8550
 8394
 6776
 5125
 5579
 4220
  254
 9961
 9560
 9935
 4569
 2320
  781
 3096
  805
 9534
 7157
 8894
 6961
 7258
   14
 6062
 6046
 4973
 2758
 4868
 6913
 6868
 8953
 3778
  386
  160
 6665
 3817
 5121
 7354
 1500
 5767
 7590
 8828
 5779
 2665
 3194
 4954
 2219
 3140
 5489
 1778
 2748
 4803
 2412
 3064
 6304
 7031
 2300
 2325
 6293
 3523
 4660
 5899
 5413
 9141
 5595
 5568
 3953
 3652
 1296
 8686
 7862
 5998
 4644
 1929
 2371
 3335
 9038
 8076
 6467
 9837
 6426
 3937
 1685
 9146
 7169
 1241
 2276
 5213
 7473
 4540
 2201
 8206
 7609
 6447
 6830
 3588
 8812
  825
 7860
  125
 8311
 4667
 3590
 6630
 9485
 4568
 4763
 5693
 4712
 9419
  557
 6379
 7841
 5133
 4873
 3907
 4144
 1914
 3849
 3995
  185
 3107
 6583
  670
 9895
 8301
 7809
 8009
 4127
 2889
 8321
 7202
 7062
 1201
  948
 2960
 3123
 3638
 4530
 9308
 4491
 5390
 3428
  110
 3377
 6367
   50
 1518
 3997
 8226
 1436
 8229
  810
 4964
 8782
 5909
 3925
 9916
 6742
 7313
 2269
 9670
 4700
 9467
 4041
 3651
 7198
  971
 8674
 1968
 5521
 2202
 6598
 6757
 2922
 4282
 8260
 5700
   87
 5278
 3219
 1561
 8700
 5038
 7417
 3099
 7505
 5262
 5597
 3769
 5499
 3644
 7544
  752
 7968
 4046
 6040
 1232
 7792
  458
 8711
 5405
 5375
 2334
 2793
 3876
 3884
 8353
 4629
 7990
 4529
 5844
 2408
 1644
 5071
 2775
 3945
 6391
 7295
   30
 9174
 2184
 4833
 1423
 7374
 9480
 5622
  555
 4585
 8444
 4340
 8663
 6449
 5821
 1841
 5362
 7200
 6043
 1330
 8116
 7399
 3809
 8438
 2329
  547
 5281
 7076
 7627
    3
 8184
 8097
 4011
 1973
 4349
 2040
 3935
 6683
 2453
 5626
 8144
 2854
 3782
 3164
 1954
 2093
 1953
  528
 5906
 6718
 9523
 3608
 5293
 1956
 9720
 2261
  132
 7065
 6024
 7206
 9860
 3126
 8200
 7765
 3132
 8631
 2161
 9406
 3975
 5794
 8934
 4584
 4522
 3115
 2894
 9379
 8671
 6394
 9960
 8020
 7561
 4234
 3014
 1024
   98
 4434
 6754
 8706
 9393
 7036
 3908
 3009
  393
 4039
 2345
 8366
 9292
 1273
 7509
 3320
 4510
  900
 6589
 8794
 9700
 6389
 2087
 3180
 6185
 6217
 4192
  695
 7467
 2392
 9692
 4471
 6201
 5602
 1945
 5168
 9235
 2285
 4672
 5762
 8836
 5954
  350
 7047
 6750
 6295
 3040
 6571
 9675
 8827
 9900
 6592
 8942
 1514
 8921
 2842
 3938
 5295
 7611
 6855
 3189
 7907
 3047
  508
 7530
 3063
 5225
 2444
 5321
 4754
 9033
 8820
 9314
 6232
 1995
  534
 9057
 4856
   39
 4537
 8440
 3703
 1674
  340
 2257
 9147
 3560
  874
 6926
 9887
 6567
 2599
 3505
 7788
 4487
 1434
 7725
  209
 2367
 1729
 5427
 4154
 3260
 8098
 8932
 4437
 2065
  725
 7135
 8118
 9184
 6947
 9892
 7757
 3946
 1762
 1464
 1168
 8090
 4417
 9952
 9129
 5419
  483
 2073
 4093
 6398
 9341
 4391
 6326
 8503
 1322
  704
 1013
 4602
 9556
 1554
 3684
 8702
 6916
 4968
 6949
 1286
 1182
 7104
 7650
 1132
 2993
 7351
 1018
 8698
 8332
 2026
 1410
 1372
 8822
 4941
 2627
 6158
  776
 3632
 8231
 9239
 9726
 3797
 6875
 6112
 6997
 2944
 7936
 1435
 3087
 3441
 6204
 5946
   69
 6682
 3581
 6606
 1927
 1027
 1416
  287
  380
 8209
 1440
 9984
 6666
 5663
 7057
 4557
 8570
 3473
 4783
  626
 4922
 3836
 7502
 1486
 8920
 2378
 9068
 6450
 2903
 6941
 4891
  895
 3829
 2721
 3396
  109
 3158
 1025
  475
 4562
 6418
 7951
 6376
 4838
 1301
 3136
 1008
  240
  266
 5447
 9368
 9598
 6478
  252
 2406
 4200
 4724
 5895
 4451
 1603
 2869
 7098
  443
  453
 8580
 2011
 6327
 2872
 4347
  157
 1219
 6505
 3759
 7738
 7470
 1076
 7704
 4402
  822
 9815
 2821
 7004
 9508
 6021
 5487
 4062
 5338
 5666
  910
 2976
 9783
 9845
 6565
 9821
 4971
 9773
 4521
 9617
 7563
 4896
  500
 4361
 4190
 1461
 1463
 8435
 1906
 8547
 1312
 9099
 5160
 1432
 6890
 8715
 7806
 7560
 7591
 1733
 1420
 5836
 3899
 1920
 5226
 1732
 7264
 2344
 6558
 8903
  121
 1215
 1825
 6736
 1777
 4818
  982
 3994
 8850
 6060
 4665
 6103
 6116
 4626
  298
 2699
  691
  821
 8314
 4336
 7335
 5402
 9888
 3882
 2091
 6560
 7305
 9925
 3536
 9154
 3775
 5075
 6252
 7488
  156
 8187
 1476
 1174
  596
 9232
 9176
  336
  584
 1426
 7715
  863
 2008
 9283
 6577
 8768
  159
 5787
 3121
 4410
 8799
 4551
 6714
 9046
 1626
 8359
 2467
 1869
 9975
 5811
 2032
 8473
 2022
 6618
 6732
 6498
 7534
 7861
 7297
  260
 6842
 3887
 9217
 6429
 4666
  775
 8192
 5303
 8336
 1058
 8643
 4782
 3254
 5808
 2554
 4888
 2498
 2450
 6547
 4004
 2964
 8892
 1302
 9653
  722
 4000
 2683
 9468
 2695
 2847
 5052
 6994
 7061
 4287
 3041
 9685
 5334
 8107
 2125
   65
 5938
 8546
 9697
 4610
 3008
 2127
 9955
 5551
 5853
 3830
 8687
 9619
 2069
 8129
 6194
 4727
 3388
 4796
 4176
 4373
 5927
 2305
 2954
 3338
 4520
 9849
  944
 4424
 7820
 4290
 6990
 4060
 6137
 6661
 3103
 1019
 9493
 5593
 5320
 9852
 2601
   34
 3847
 4330
  619
 3989
 5505
 4125
 7568
 2980
 2561
 2966
 5376
 6463
 2280
 8603
 2874
 6901
 4960
 9115
 4825
 8601
 4532
  345
 5308
 7265
 1772
 7518
 4579
 6070
 4214
 5192
 9438
 4447
 3681
 8095
  294
 1104
 1867
 4817
 4376
 1697
 5473
 3620
 9087
 9199
  308
 4337
 3482
 7221
  153
 8167
 1498
 4863
 4173
 4407
 3425
 2837
 5719
 7845
  182
 8096
 6289
 6451
  674
 2891
 2254
 5336
 9478
 9709
  707
 6817
 2704
 9405
 7857
 1557
 5623
 1291
 3766
 7216
 3070
 9343
 1799
 6905
 4764
 3033
  917
 1791
 3378
 2982
 6460
 7191
 1504
 4533
 5431
  422
 2804
 8460
  879
 6161
 8032
 9186
 2763
 6744
  317
 7167
 6082
 7317
 3860
  213
 1606
 6934
 1880
 6387
 7049
  428
 4341
 7923
 2480
 3696
 4523
 5171
 8273
 8274
 5465
 2144
 1355
 2074
  758
 2019
 2739
 6730
 4668
 7136
 6218
 6719
 5497
 4732
 2421
 4835
 9810
 1784
 9784
 7500
 6898
 2486
 6242
 9104
 4334
 8980
   37
  998
 4272
 1577
 6019
  370
 2047
  939
 9817
 5383
   26
 8748
 3440
 7982
  322
 6226
  994
  857
  382
 5315
 5279
 7853
  347
 2986
 6970
  427
 1885
 5081
 6275
 1922
 2490
 2171
 9518
 9143
 1371
 1347
 8775
  627
 4266
 3225
 7827
 6998
 5328
 9578
 9155
 5839
 3168
 6413
 3411
 1166
 3643
 5184
  915
 8437
 8679
 7171
 3548
 9905
 9407
 8703
 9918
 4525
 8589
 5573
 3842
 6036
 7090
 9747
 8788
 7633
 4461
 6073
 1625
 5703
 4561
 3569
 4674
 2984
 5297
 3204
 9242
 2048
 1522
 9694
   79
 9930
 1567
 8154
 7454
 7759
 4152
 4720
 1081
 2157
 6521
 5713
 3973
 4170
 8913
 6837
  505
 7559
 8975
 7412
 6261
 6351
 7115
 1243
 4884
 7933
 2041
  843
 4517
 4855
 6701
  237
 9776
 4229
 9593
 1011
 9260
 6799
 5000
 3450
 7007
 4645
 1351
 5207
 2471
 8899
  441
 6720
 4311
 8938
 4945
 4288
 6358
  184
   70
  603
 7989
 5339
 1045
  780
 8481
 3720
 1754
 8510
 4739
 5578
 4701
 9069
  172
 3359
 1537
 1411
 5624
 3287
 9602
 1110
  410
 4654
  957
  454
 6334
 1560
 4404
  985
 7444
 7527
 8968
 6945
 5560
 8538
   61
 2499
 7695
 1957
 2405
 3807
 8541
 9951
  650
 9443
 4911
 5023
 6044
 8234
 5873
 1724
 3818
 8696
 6061
 3871
 8910
 9278
 5996
 9718
 6579
 7945
 6121
 2999
 1979
 6315
 2318
 1842
 5865
 2924
 2193
 4846
 5891
   59
 4226
 1609
 7302
 5575
 6546
 2710
    4
 6811
  217
 8834
 8727
 5162
 7499
 3154
 4997
 5621
 5673
 9008
 2780
 6222
  637
 4575
 8977
 9118
 9731
 9882
 1304
 1010
  854
 2626
 7753
 4057
 6221
 4867
 5930
 6175
  551
 7118
 6260
 5371
 2547
 1183
 2730
 8762
 8002
 9302
 7625
 6470
 4512
 2419
 9780
 8267
 6721
 4613
 2571
 1306
 6684
 5002
  362
 9889
 1002
 6864
 3080
 3965
 3734
 3371
 2038
 7028
 2698
 5964
 5145
 2747
 8593
 9597
 1239
 1691
 9191
 5043
 4178
 4588
 5174
  816
 6881
 6106
 2632
 4507
 4845
 9395
 1698
 5092
  743
 1165
 8224
 3301
 9766
 6534
 9828
 1812
 6454
 9600
 6481
  634
 5567
 2581
 2294
 2077
 6382
 5039
 3795
 9566
 5093
 7803
 5680
 2292
 2932
 4702
 5848
 7924
 6308
 1225
 8071
 8563
 1872
 3885
 2410
 7099
 8956
  440
 6660
 5502
 3285
 4859
 8474
 5088
 5581
 1660
 1602
 4151
 4357
 3686
 7456
 9788
 3331
 2845
 7431
 4026
 3213
 2520
 3146
 9486
 1932
 9771
 7703
 6755
 6582
 4083
 7411
 3791
  369
 6708
 8558
 6176
 9644
  376
 7203
 7961
 5635
 3800
 3658
 4213
 8458
 9981
 6249
 8549
 8379
 7079
 2534
 4305
 2942
 7421
 4887
 9330
 8056
 8000
 4469
 8502
 7668
 2631
    1
 3089
 4244
 3383
 8551
 9016
 9696
 2475
 4431
 6867
 6421
  736
 3302
 6552
 3679
 2229
 8556
 9654
 1172
 4275
 1811
 6422
 9475
 7438
  435
 9632
 8528
 1123
 1806
 4312
 7388
 9864
 9354
 2027
 9338
  567
 6456
 7672
 3912
  718
 4714
 7155
  558
 6056
 4961
  920
 6739
 4959
 3584
  438
 3151
 7508
 3565
 7278
 9441
 3751
 9228
 7835
 4076
 6272
 9321
 8070
 4760
 7920
  537
 1815
 8349
 7126
  506
 7249
 5494
 2647
  517
 8756
 6785
 2900
 8989
 1159
 8369
 7649
 9524
 6647
 7556
 4307
 8289
 9431
 8005
 1749
 7108
  858
 4563
 6887
 4164
 9266
 8376
 7984
 3314
 5561
 8867
 8204
 1109
 8926
 6243
 5261
 1735
 5474
 7832
 2696
 4128
 9259
  574
 5942
 9392
 2413
 6159
 3979
  164
 4716
 5545
 7263
 9189
 5531
 7678
  604
 1055
 4386
 3697
 5095
 8738
 7901
 5912
 2750
 4189
 8578
 4255
 7619
  189
  706
 9909
 2830
 7095
 5064
 5231
 8045
 4871
 1393
 2524
 3941
 6782
 6395
 2197
 2010
 8802
 1274
 6285
 4388
 5717
 8791
 1546
 4553
 1268
 7396
 2023
 9526
 5770
 3854
 7042
 7981
 9167
 8427
 2455
 8755
 2708
 3277
 4618
 5712
 7621
 9801
 6728
 8659
 5437
 4304
 6474
 2391
 8616
 7714
   76
  656
 1280
 3796
 4607
 9793
 1595
 3032
 3166
 2936
 3153
 5373
 9994
 3342
 6329
 1508
 4010
 1362
 4980
  139
 7003
 1439
 7234
 7350
  829
 5903
 8227
 5943
 2689
 9435
 7677
 3726
 5041
 7871
 9281
 9899
 2312
 2558
 4966
 4141
 5857
 1359
 9558
 8979
 6208
 4081
 5580
 5905
 6656
 4260
 3881
  481
  366
 7161
 4640
 7112
 8213
 1105
 3000
 5807
 5984
 1048
 5803
 7328
 6059
 6259
 8594
 5131
 9209
  605
 1851
 4112
 1990
  989
 3593
  675
 7120
 9479
 3895
  412
 9690
 2611
 9185
  632
 3380
 9549
 2943
 7931
 3767
 8853
 5847
 4054
  732
 8365
 5457
 1455
 8572
 4245
 7523
 9359
 6178
 3433
 8685
 9587
 5079
 4550
 7604
 3238
 4977
 3393
 9616
 7361
 3700
 2331
 8134
 8148
 9042
 1608
  442
 5183
 8676
 6014
 9995
  469
 2262
 2360
 1786
  633
 9919
 5515
 1706
 6676
  106
 2573
 3886
  617
 5408
  311
 3563
 1128
 9805
 8111
  259
 1069
 8951
  108
 2686
 2189
 3250
 8765
 1230
 8205
 2871
 3291
 3955
 3671
 1962
  735
 2612
 4401
  491
 5464
 2657
 9446
 6808
  689
 4862
 3952
 7771
  972
 5600
 2816
  310
 8380
 8529
 1146
 2068
 1983
  665
 9227
 7927
 4257
 1600
 7699
 7893
 2951
 5553
 3259
 8617
 9904
 7565
 8406
 1382
 3223
 7400
 6292
 4001
 3500
 5657
 9023
 5529
 1949
 3872
 5384
 8296
 8781
 5004
 5736
 1590
 5223
 3057
 1329
 8958
 9705
 9310
    6
 3840
 5387
 8864
 8680
 6428
 1309
 7043
 3986
 9286
 1711
 4408
 1353
 4318
 1103
 8743
 7338
 8636
  359
 7533
 9633
 2706
 5449
 7506
 7362
 5835
 3109
 3374
 4985
 7557
 3680
 1078
 9162
 5864
 5867
 9136
 6096
 4051
 7814
 5267
 3669
   15
 8773
  162
 9322
 6697
 8534
 7707
 2260
 2013
 5146
 4748
 5632
  660
 4452
 7741
 6113
 9173
 5331
 7349
 6148
 8038
 5139
 5688
  250
 7549
 5319
 8869
 8526
 8050
 7279
  102
 2898
 5156
 4315
 1072
  756
 1915
 8048
  624
 6325
 4247
 6414
 2299
  872
 6416
 2549
 4379
  764
 3623
 7346
 8195
 6991
 4822
 8470
 5517
 2384
 9998
 3147
 5535
 2759
  907
 3407
 5520
 9950
 5307
 4897
 3792
 3437
 8468
 8717
 2265
 3749
 8881
 1585
 4831
 1237
 1700
 6917
 4209
 8350
 2602
 2339
 8508
 1475
 8882
 5239
 3443
 3786
 8682
 4733
 8142
 2956
 1157
 2556
 9437
 9804
 9049
 9079
 5151
 3618
 6533
 7539
 7071
 5410
 4378
 1220
 3066
 4120
  761
 8472
 8439
 1571
 8952
 3486
 4560
 1367
 9399
 1164
 2978
 5296
 4188
 9965
 9026
 3874
 3491
 7641
 5063
 2752
 5882
 1093
 1356
 9029
 9561
  615
  575
 1615
 9891
 3519
 8453
 4609
 3768
 5948
 8742
 8230
 9729
 5958
 4259
 4707
 1278
 2765
 3799
 4283
   41
 1276
 7150
 9510
 3915
 9943
 6441
 9647
 6399
 7348
 4925
 7640
 7728
 9649
 1890
 3534
 2879
 8291
 2461
 2005
 4169
 8859
 7516
  101
 7107
 2050
 1834
 9272
  494
 8811
 8208
 6652
 8649
 4513
 6845
 4273
 6655
 2992
 6310
 2186
 8792
 9820
 8372
 4069
 4216
 2820
   73
 6397
 9098
 1631
 2352
 2774
 8630
 4187
 3731
 1997
 4573
 1068
  801
 3985
 5329
  995
 1049
 9175
 5165
  521
 3322
 5967
 4736
   60
 6777
 3826
 8889
 5988
 7616
 8796
 2117
 7799
 4080
 3430
 7762
 4482
 7464
 3074
 8482
 3630
 2256
 4842
 5813
 9645
 5929
 4284
 7918
 3509
 8410
 4756
 5463
 2578
 8119
 5076
  690
 2788
 9201
 5109
 1594
 2776
 8740
 7000
 2836
 4906
 6054
 2016
 9711
 6798
 1226
 8248
 3226
 6370
 8120
 4007
 9933
 5289
 7266
  179
 6760
 4208
 2824
 3702
 5915
 6836
 6098
 6536
 9166
 3046
 1826
 5037
 3843
 9814
 2491
 3729
 8042
 2565
 8126
  644
 6052
  945
 7702
 8361
 8172
 6337
 5443
 8488
 7083
 1327
  225
  330
  563
 6404
 7272
 8588
 1206
 6626
 6139
 2811
 8159
 1752
 9067
 8568
 9460
 6152
 6601
  447
 9790
 8303
 7482
 7538
 2848
 2132
 4975
 4153
 9505
 1838
 5067
 5690
 2425
 9928
 1919
 8383
 6342
 6703
 2771
 5401
 5318
 3472
 3319
 4820
 1763
 4547
 6981
 9575
 1852
 6557
 6953
 8352
 2388
 9289
 2447
 2877
 7858
 2785
 1213
 5057
  264
  167
 9733
  610
 6828
 7942
 8392
 5872
 5504
 6992
 7957
  455
 4483
 7859
 3499
 8304
 6115
 3448
 6612
 5224
 9149
 9830
 4359
 1865
 8176
 9584
 2666
 9457
 8825
 4002
 4419
 3159
 3896
 4168
 3733
 8479
 9041
 3878
 5354
 7992
 9678
  958
  501
 3754
 9502
 5994
 5874
 9992
 4034
 5235
 5601
 9181
 8244
  230
 6365
 3741
 1612
 6888
 5858
 6269
 3742
 4110
 8739
 4326
 5883
   52
 8346
 8599
 9089
 7124
 4865
 7232
 1935
 5788
 9477
  588
 5430
 2928
 3718
 4851
  233
 8999
 3417
 5585
 1912
 3421
 7980
 8852
  683
 8261
 2678
 2326
 5773
 6711
 6435
 7603
 6693
 4138
 5979
 6511
  286
 1422
 2688
 1824
 5679
 6531
 6968
 6685
 5634
 2961
 2407
 7780
 9942
 8697
 4072
  738
 8517
 6081
 8613
 1760
 5484
 4456
 4063
 5432
 6679
 9781
 5896
 5625
 1415
  892
 1845
 8062
  390
 8537
 1619
 9948
 6778
 9045
 4821
 2510
  368
 5785
 5574
 5933
 8221
 7836
 4744
 8721
 7787
 3274
 4329
 2908
 6443
 5467
 5348
 5845
 7085
 5098
 9968
  831
 3200
 6802
 6753
 7389
 1575
 4084
 3056
 5797
 6698
 2327
 2637
 9551
  798
  281
 3017
 8607
 1788
 9355
 2858
 5968
 6156
 6016
  806
  938
  246
 5552
 5246
 8190
 4546
  570
  611
 4606
 8408
 8985
 6303
 6338
 6631
  271
 5059
 7537
 3649
 5608
 1905
 3117
 8494
 8389
 4938
 7800
 2582
 5268
 7671
 1780
 1419
 3662
 1853
 1009
 1102
 8752
   94
 5660
 7620
 1658
 8463
 1365
 2825
 7952
 3310
 3892
 8719
 8642
 5550
 6821
 5540
 3362
 7026
 5388
 1803
 1320
 9740
 7547
 6048
 4535
 5987
 4233
  256
 4055
 3530
 8560
 3341
 6299
 3576
 6277
 3185
  799
  468
 3375
 6957
 8545
 3927
 3890
 3789
 2650
 6549
  420
 7446
 2096
 7974
 9442
 9973
  432
 4274
 2819
 6063
 9092
 4957
 7429
 1871
 9580
 3075
 2885
 5425
 3612
 4601
 3242
 5326
 3106
 5820
  847
 2249
 8730
 8835
  853
 9658
 9329
 9168
 7709
 1054
 3824
 9416
 9660
 7030
 3619
 6344
 5272
 7212
 2838
 9039
 2584
  467
 8833
  143
 1712
 4621
 5648
 2920
  800
 7439
 8712
 1512
 7267
 5241
 5522
 7584
 4518
 5251
 3971
 3021
 1186
 6133
 2505
 5127
 1672
  826
 8467
 4706
 4042
 6006
 4801
 9997
 1529
 3808
 8268
 3597
 4994
 1531
 6937
 3195
 3746
 3825
 4149
 4464
 7213
 1921
 2791
 6706
 1621
 7805
 1884
 1770
 8052
 1751
 5549
 5202
 3190
 6313
 9073
 1430
 4156
 2744
 7233
 8169
 1150
 6805
 1565
  165
 7385
 5442
 9609
 8516
 2452
 9195
  618
 1655
 1501
 7605
 2674
 7880
 2233
 9332
 8746
 8461
 4191
 8442
 9408
   85
  757
 1191
 1707
 2803
 3845
 4029
 2173
 5734
 8521
 2511
 9251
  174
 8198
 7365
 7700
 9035
 5584
 5953
 3363
 7618
 5539
 9667
 2268
 2143
 3757
 3535
  270
 7269
 2218
  238
  590
  942
 4184
  700
 1773
 8816
 1338
 2519
 2640
 3228
 4836
 2668
 6359
 7794
 7327
 5738
 2887
 1380
 8404
  813
 3489
 4849
 3977
 5888
  149
 7507
 5631
 1158
 8681
  421
 3691
 1071
 5363
 9963
 1145
 1070
 2400
 8567
  161
 1541
 5992
 3647
 2953
 7211
 5129
 3655
  703
 9608
 4294
 2815
 2654
 7669
  381
 5908
 6581
 6673
 7343
  319
 6610
 2902
 3402
 5118
 4202
 5747
 2031
 6849
 1192
 8367
 8128
 5163
 2170
  954
   78
 2658
 2789
  342
 9013
 9857
 9786
 9142
 3764
 7300
 6509
 2114
 8088
 8375
 5112
 5230
 6445
 8006
 1290
 8575
 9562
 2437
 4033
 7322
 4468
 4826
 8249
 2566
 1739
 1289
 1970
 3261
 7856
 9019
 3031
 6488
 5507
 1131
 5781
 7965
 2929
 1753
 3957
 7682
 2681
 5263
 2937
 4738
 3517
 4839
 9723
 4631
 5514
 7449
 2397
 2800
 5243
 8210
 5136
 4095
 4811
 8974
 9371
 4519
 4459
 4974
 3236
 1210
 3365
 2301
 8595
 3558
  288
 6071
 2587
 1564
 3862
 1505
 3880
 5204
 2395
 8264
 7594
 3346
 7768
 7915
 9682
  539
 5008
 4314
 7151
 3025
 6415
 5068
 4365
 6039
 8888
 4476
 5818
 3232
  357
 2281
 7329
  456
 1636
 3282
 3091
 6729
 5433
 2061
 6759
 9921
 6126
 3839
 9683
 5829
 2470
 3422
 7739
 9432
  289
 5592
 4632
 3086
 5428
 2164
 6254
 8246
 3725
 1248
 6257
 3929
 9615
 6001
 4108
 3777
 7408
 5392
 8191
 6911
 7612
 8584
 3410
 2401
 9724
 1195
 6788
 5380
 7440
 5792
 7877
 6371
 1882
 3394
 1593
 8511
 6174
 4696
 9591
 7130
 8079
 2975
  377
 2351
 3781
 2267
 4808
  119
   24
 2777
 8257
 6651
 7979
 7173
 9543
 4687
 9893
 7291
 7865
 4248
 6514
 3129
 6423
 5060
 1442
  606
 9249
 5755
 2411
 1507
 6077
  591
 5191
 5528
 9265
 6147
 2196
 2931
  198
 9398
 3934
 5966
 9847
 2935
 2110
 3661
  716
 9865
  652
 5677
  717
 9926
  783
 5718
 5015
 3135
 7481
 2153
  112
 8199
 2403
  118
 1801
 7097
 1326
 5036
 7573
  708
 2947
 7257
 8219
 1513
 2661
 9823
 3431
 4182
 5692
 1473
 5306
  693
 8345
 4014
 6763
 9363
 1141
 1264
 5103
 5976
 6314
 4114
  530
 3639
 9124
 2141
 5013
 7324
  486
 8177
 2060
 7731
 7304
 2860
  489
 8043
 8559
  218
 6332
  301
 9009
 2332
 7152
 5687
 5219
 2224
 1014
 5078
 2880
  975
 9369
 1038
 3606
 5630
 1530
 9082
 3244
  388
 8533
 2138
 7847
 4126
 2907
 1162
 1892
 6632
 1354
 2291
 3956
 4633
 1877
 5536
 4780
 1682
 1454
 9422
 2535
 4031
 9737
 2307
 9732
 6011
 3487
 9445
 5783
 2589
 6910
 8434
 7139
   66
 7748
 2506
  753
 8047
  812
 5590
 9778
 8161
 4205
 1509
  419
 4572
 7188
 1942
 9268
 4161
 1792
 9923
  451
  391
 8772
  933
 8965
 3419
 9607
 6915
 2972
 7664
 2177
 9497
 6667
 3304
  653
 1937
 1589
  115
 5488
  504
 7934
  279
 1314
 4089
 6020
 2521
 9349
 2468
 9372
 9350
  548
 8713
 3765
 2883
  544
 3712
 7168
 5544
 2712
 5056
  949
 8269
 3930
 4460
 9659
 8117
 5352
 6639
 2540
 7445
 2178
  943
 6716
 7386
 4316
 4015
 5434
 3191
 7986
 9880
 3903
 3727
 5154
 9755
 9382
   49
 4019
 3055
  986
 2693
 8573
 9030
 8645
 3855
 6597
 8483
  692
 3981
 8003
  905
 3216
 6177
 1075
 1966
 7128
 4295
 7889
  549
 7578
 3755
 2762
 8619
 3617
 7935
 5784
 5208
 9205
 4446
 4776
 2496
 2593
 7921
 4430
 4892
 9464
 9946
 5633
  473
 5283
 6346
 6746
 8358
 3427
 6128
 5832
 1022
  964
 9346
 3724
 9123
 4249
 2525
 7911
 2458
 4617
 1074
 7331
 9555
 5511
 9428
 1187
 9856
  661
 3438
 4683
 1955
 7693
 5466
 3386
 9311
 2624
 5282
 4423
 9638
 5249
 1259
 7255
 1167
 2214
 3670
 7848
 7479
 8936
 7334
 7463
  571
 3249
 5878
 4160
 6829
 3776
 6374
 7189
 7353
 3179
 1716
 9539
 8068
 3591
 8854
   77
 7941
 4603
 5452
 2642
 8925
 7109
 7722
 6826
 8790
 6288
 7899
 1893
 7775
 4145
 9197
 2362
  951
 2970
 9650
 3399
 6619
 3368
 1653
  150
 7214
 1016
 2454
  903
 8014
 6190
  351
 7094
 2418
 6765
  257
 4979
  136
 2568
 8315
 4195
 4090
 7636
 3783
 5945
 3866
 2150
 7596
 4815
  140
 1126
 8421
 8863
 6002
 8419
 6486
  616
 4328
 2211
 6301
 4708
 1899
 5325
 2852
 9982
 8916
 2914
 8018
 4136
 3112
 1769
 6611
 2119
 6403
 8035
 1980
 1136
 4113
 7229
 9966
 8413
  374
 7261
 8399
 2009
 1898
 5090
 7967
 2737
 7532
 8515
 4232
 9509
 3459
 1281
  629
 3330
  602
 5802
 8300
 7598
 3424
  834
 6645
 9188
 3587
 5681
 8409
 6908
 6807
  655
 4158
 7515
 4918
 5997
 4746
 3085
 7816
 3381
 4030
  425
  212
  396
 4509
 5793
 7579
 5451
 1272
 1910
 9287
 8823
 7710
 8907
 2433
 6879
 9064
 2235
 4358
 6298
 6752
 4322
 8639
 9595
 1335
 2448
  158
 1695
 8885
 8505
 5374
 2493
 1745
 5695
  191
 5372
 9693
 5720
 8084
 8983
 4883
  373
 2583
  219
 9779
 7294
 2700
 9275
 7588
 1848
 2129
 4995
 7465
 7405
 8969
 1661
 1034
  199
 8737
 3699
 9611
 9128
 5024
 5290
 2473
 4432
 8997
 7078
 4268
 8718
 5193
  177
 5639
  586
 4924
 9036
  269
 8124
 8564
 1447
 4538
 5759
 1726
 2213
  385
 4895
 5525
 4387
 3706
 5350
 9163
 6525
 5201
 7238
 4409
 3468
 8347
 2079
 6100
 6282
 3294
 8238
  631
 4526
 1341
 4802
 1482
 3477
 5728
 5716
 7197
  760
 1839
 7632
 7831
 7347
 6186
 9873
 7453
 4931
 2831
 2941
 9273
  197
 6446
 5741
 7357
  375
 3544
 1876
 5764
 3329
 7106
 7821
  273
 2729
 2390
 3823
 1279
 9758
 9233
 8457
 3247
 6309
 4199
  127
 8033
  476
 4098
 1844
 5397
 8411
 8307
 9334
 9358
 6439
  169
 2037
 2783
 1325
  984
 1345
 1939
 8255
 4159
  542
 2839
 2514
 8961
 6695
 6749
 6621
 9717
 2994
 3982
 7369
 4677
 1850
 5357
 9490
 5647
  595
 7767
 9924
  784
  207
 4036
 4879
 7241
 1175
 4761
 5800
 7018
 6989
 1117
 5161
 2646
 9245
 5196
 6772
 3870
 5124
 3141
 1540
 3683
 9495
 6412
 2742
  864
  214
 1836
 9491
 6690
  290
 3919
 6983
 3429
 2751
  830
 7435
 9158
 9075
 2107
 3292
 8695
 1981
 5110
 2086
  734
 5576
 7058
 1305
 6797
 4412
 1111
 7486
 1816
 5314
 4370
 2372
 7034
 6614
 1975
 5058
 9843
 2124
 1040
 4755
  768
 2457
  228
 7802
 7950
 3869
 9353
  343
 8810
 3562
  836
 1267
 9282
 8138
   64
 7840
  300
  807
 6400
 1552
 5559
 9745
 3601
 8168
 3467
 9929
 6143
 1384
 8362
 2504
 4465
 8860
 7909
 8986
  518
 3821
 6786
 9920
 4639
 7352
 6646
 2477
    2
 6228
 5222
 8735
 1334
 8106
 8455
 1349
 4345
   84
 8253
 7991
 5768
 4722
 6193
 6984
 7256
 4581
 8841
 1375
 3373
 6291
 3744
 3604
 5143
 9279
 6129
 9360
 6331
 7395
 8425
 3694
 1843
 6196
 4107
 8299
  378
 6627
 8891
 4303
 5542
 9465
  773
 1284
 6144
 7558
 7430
 7224
  820
 7253
 6164
 5599
  795
 9319
  833
  845
 5780
 2072
 3556
 8490
 2925
 4908
  283
  430
  641
 9983
 9117
 5490
 9599
 3637
 1348
 8955
 1741
 8878
 2252
 2358
 6276
 9622
 6090
 3452
 1889
 3803
 2203
 7205
 2714
 9977
 1642
 6773
 1568
 8842
 8173
 6205
 3024
 8077
 7225
 5305
 7164
  193
 5478
 1331
   54
 2054
 6814
 5694
 6832
 7485
 5710
 6691
 1092
 8902
 9243
 3812
 1511
  133
  154
 1902
 4499
 7833
 3172
 9910
 4937
 2591
 3337
 2574
 3611
 7303
 4615
 2195
 8754
 4100
 1313
 9429
 6432
 9463
  488
 1669
 4623
 7572
 2544
 5228
 2398
 9541
 7513
 7956
 7552
 3206
 5922
 1758
 1425
 5340
 3283
 1875
 7868
 8280
 4907
 8818
 4864
 5863
 1696
 3677
 2741
 1964
 7825
 4689
 6132
 8326
 5659
 6532
 4544
 8943
 8016
 6149
  332
 9826
 9473
 5122
 5880
 6436
 4397
 8166
 8485
 4670
 3356
 4944
 2648
 3143
 5658
 3822
 6409
 7863
 2053
  564
 4769
 6476
 2088
 4819
 3116
 9376
 5610
 5691
 1519
 9194
 7881
 3210
 1352
 4044
 9687
 3426
 8414
 4616
 9031
  464
 9113
 6658
 6167
 4630
 5796
 6074
 8329
 5618
  403
 7999
 8800
  848
 9565
 2488
 7691
 4989
  448
 5406
 9868
 1073
  163
 4628
 4913
 1090
 8245
  698
 4983
 3738
 3157
 4489
 9521
 9553
 4850
 9219
 1392
 7298
 3463
  687
 6033
 1614
 1562
 2051
 3209
 3161
 1277
 8259
 9628
 1894
 9990
 6366
 6670
  876
 4929
 3300
 8923
 3234
  790
 4958
 8001
 2494
 1046
 2711
 1911
 8624
 8565
 2923
 2808
 1900
 9850
 2355
 3667
 5237
 4524
 1976
 4224
 7655
 2613
 9567
 8202
 7514
 5287
 6599
 2784
 3353
 9430
 5572
 4493
 5233
 1904
 4133
  592
 5323
 6099
 2538
 6535
 2033
 9835
 8342
  415
 4969
 3065
 8960
 9270
 6296
 5045
 9356
 4137
  809
 5142
 8334
 6064
 5877
 1819
 7614
 3811
 7684
 4976
 2154
 9305
 1538
 8763
 7491
 7789
 8501
 4327
 2533
 1143
 4458
 2309
 6634
 8856
 7311
 9229
 2691
 4558
 1300
 2385
 4221
 3814
 1662
 5769
 5671
  444
 2702
 7719
 9436
 6209
 1817
  916
 7132
 8115
 3224
 8160
   17
 8059
 5020
 2733
 8286
 5817
 4656
 3069
 6737
 1094
 8102
 9896
 9276
 8424
 6105
  282
 2773
 1283
 1077
 7144
 8401
 3497
 9309
 3554
 9466
  546
 7121
  940
 1431
 7630
 3844
 7864
 8777
  459
  789
 8323
  729
  202
 2357
 2180
 6700
 1379
 6284
 3550
 9384
 2365
 7325
 6738
 6101
 3013
 9934
 2567
 9601
 1478
 7074
 3176
 4641
 9248
 4996
 3178
 6969
 4348
 2899
 1149
 3258
 5439
 6973
 6025
 5385
  479
 2909
 1888
 6517
 3913
 9373
 1003
 9101
 6912
 2635
 1261
 9062
 1657
 3029
 5777
 4597
 2109
 7746
 3044
 9890
 5745
 4743
 6986
 7048
 7782
 7683
 7207
 9132
 5748
 6780
 6852
  265
 7070
 5266
 4427
 5399
 4605
 9707
  536
 6200
 2740
 4604
 5670
 2427
 1387
 6495
 7051
 6771
 5702
 3078
 5123
 8523
  919
 1061
  122
 4177
 2810
 5786
 5834
 7176
 9210
 5523
 6375
 1687
 1134
 3097
 5727
  224
 3034
 5409
 4096
 3542
 9375
 3267
 3629
 4970
 9027
 5370
 6015
 8824
 3993
 5114
 5426
 3360
 4528
 8478
 8731
 1730
 2807
 9777
 2323
 2029
 9164
 7159
 8940
 2985
 8784
 2507
 3035
 6793
 3615
 2469
 4219
 8751
 4721
 4494
 9651
 4201
 6638
 3408
 8471
 1152
 2350
 8716
 6494
 9387
 3547
 4223
 3762
 4917
 4320
  365
 8886
 2882
 4679
 7778
 6591
 5990
 7447
 6918
 5255
 6154
 9978
 3481
 4915
 3568
  901
 2526
 3308
 2376
  977
 4874
 7610
 3354
 4747
 9223
 8771
 5708
 1629
 8339
 8290
 2014
 4565
 3810
 4939
 5955
 3350
 3474
 2585
 6977
 9277
 5217
 8322
 2059
 8590
 9571
 5838
 3958
 7571
 4061
 8360
  134
 6118
 4848
 7371
 2905
 5852
 7663
 6114
 7403
 7178
 8008
 8150
 2517
  911
 1967
  241
 2616
 3476
 6702
 9106
  667
 4280
 9623
 9130
 9152
 2151
 5006
 2070
 7307
 8623
 5148
 3793
 5506
 4024
 1576
 5259
 7503
   92
 5016
 5084
 8125
 6554
 7895
 9544
 1390
 4264
 4671
 5774
 6008
 6794
 9200
 9483
  737
 4766
 1317
 1203
  559
 7474
 6723
 9077
 6713
 8130
 8803
 6850
 8849
 7774
 1881
  774
 4627
 1370
 3303
 7652
 5991
 3423
 3607
  138
 3420
 3834
 7661
  580
  926
 3182
 6500
 8373
 4612
 8039
 2259
 4492
 5594
  170
 6779
 2967
 1870
 9182
 5099
 4250
 9065
 6229
 3520
 3102
  749
 6677
 2322
 2142
 4625
 9021
 1883
 7193
 7398
 6835
 1470
 5685
 2423
 3868
 4502
 1558
 8175
 3466
   55
 2998
 3875
 2303
 4414
 4135
 1727
 7230
 3483
 8215
 4070
 6924
 1446
 7919
 2738
 4422
 7811
 9180
 2039
 1861
 9754
 1148
 7091
 6787
 7541
 1413
 3367
 9385
 3215
 2881
 2663
 9313
 1617
 9512
 5298
 5028
 9588
 1153
  400
 5735
  243
 8100
 8131
 3090
 4844
 6791
 6524
 7495
 8596
 2428
 6572
 1488
 9196
 7096
 1586
 1485
   46
 2569
 5356
 8684
 5310
 8310
 7059
  331
 8207
 7839
 9846
 3987
 2272
 2996
 9108
 1047
 6281
 1977
 2021
 2918
 9648
 3434
 7869
 1750
 8180
 5934
 1163
 8576
  607
 9040
 9563
 1618
 6213
 4930
    8
 3251
 2940
 8855
 9290
 4651
 2210
 4105
 3488
 4511
 2098
 7606
 5220
 6958
 7898
 3306
 7948
 5730
 4017
 5186
 9620
 4360
 2754
  262
 2430
 6735
 9047
 8699
 4872
 7638
 2536
 9400
 3514
 8597
 6935
 6198
 8341
 7634
 9684
 8065
 1032
 9708
 7208
  176
 8815
 7657
 5740
 9932
 2149
  782
 6425
 8689
 7674
 7414
 3265
  527
 8487
  710
 9590
 9554
  463
 1060
 7064
 9094
 8984
 8385
 2439
 6588
 9631
  514
  247
 2402
 6005
 7283
 6515
 1774
 6568
 7910
  877
 9331
 3692
 5055
  325
 2991
 8672
 8615
 6104
 3586
 4758
 6869
 6540
 3959
 3101
 8390
 2735
 4278
 7977
 7420
  519
 6650
 3529
 2840
 3445
 6153
 9156
 4350
 3150
 5604
  155
 8412
 5083
 4406
 1607
 5746
 2092
 1130
 8066
 9255
 6727
 2146
 7808
 2296
 8767
 6891
 6576
  507
 6195
 1993
 6095
 3848
 2004
 3036
 9806
 8513
 3897
 1860
 1217
 9832
 2354
   62
 2404
 8722
 1934
 4682
  842
 2465
 7675
 8539
 2337
 3949
 3114
 8935
 6130
 4457
  925
 1764
 2338
 5886
  726
 5571
 6353
 4239
 2445
 2766
 4636
 4990
 9542
 9413
 4050
 9877
 5611
 3492
 2283
 6140
 8364
 5861
 5830
 5501
  309
 5436
 9324
 5557
 6037
 8692
 2818
 5819
 8677
 2106
 5089
 8993
 1057
 7526
 1534
 3716
 3545
 9540
 4854
 1315
 3579
 7376
 7044
 9471
 8135
 2796
 6444
 2749
 6649
 3252
 6951
 2746
 2075
 5316
 5993
 4393
 1029
 7784
 4659
 9642
 7458
 2251
 2724
  666
 1971
 3370
 4798
  778
  524
 1224
  344
 6575
 1316
 5701
 9797
 2436
 2555
 5086
 7764
 3743
  973
 6792
 8876
 3299
 1656
 3297
 6124
 7580
 4731
 8787
 4634
 8945
 6145
 9409
 1926
 8874
 3537
 2649
 8040
 8078
 7392
  646
 5179
 6896
 7244
 3835
 5495
   38
 7723
 4082
  284
 5809
  267
 6962
 4418
 2236
 4353
 7170
  598
 1793
  630
   68
 8883
 9872
 3088
 8908
 4356
 6210
 9501
  566
 1043
 3275
 4662
 5480
 4704
  346
 7103
 8220
 4319
 3218
 3284
 1374
 4086
 7891
 7529
 9770
 6965
 9681
 1628
  129
 3974
 3177
  480
 1746
 5386
 4362
 8520
 7452
 2198
 7019
 8275
 9005
 1269
 8075
 5900
 6993
 5130
 4134
 3922
 9342
 4799
 4715
  950
 4071
 4582
 1901
 2163
 6012
 3966
 4442
 5570
 3628
 3539
 1652
  751
 9028
 7744
 2888
 1194
 6510
 7382
 7983
 1460
 4814
 7299
 1211
 7548
 1358
 6350
 9656
 1324
 2429
 7978
 4599
 1115
 9095
 7242
 4067
 6227
 8865
 2834
 5247
 3914
 5646
 1527
  274
 2449
 1493
 8308
 1253
 1630
 6625
 6214
 5766
 6715
 8354
 8548
 6801
 8948
 2835
 8086
 1994
 5178
 1258
 5904
 6182
  117
  662
 2605
 3964
 1030
  921
  712
 9003
 8981
 4566
 7879
 4130
  640
 6270
 7852
 6806
 2795
 3732
 6680
 4413
 7243
 7100
 2962
 9730
 2030
   97
 5919
 9513
 2076
 9296
 9760
 8431
 5126
 3690
 7846
 4784
 2241
 4354
 6860
 3570
 4279
  450
 7472
 8318
 9347
 7340
 1718
 4339
 4218
 5299
 3831
 7086
 8295
 1650
 6138
  186
 4596
 9812
 4363
 6102
 4652
 6648
 3464
 6884
  424
 7902
 5003
 3015
 9294
 1517
 4338
 8764
 6501
 4142
 5754
 6125
 1017
 8694
 9691
 2501
 7292
 2528
 6816
 4016
 9034
  871
 6561
  268
 6851
 4594
 6930
 7769
 9244
 3187
 3227
 7688
 8994
 7209
 3695
 1789
  930
  887
 4040
 4231
 8666
 7133
 7284
 1082
 6321
 9489
 2321
 7072
 5854
 7888
 3493
 5564
 1381
 4453
 4699
  255
  565
 9006
  808
 5187
 9883
 4534
 4440
  608
 5254
 3954
 5936
 9171
  402
 4203
 1634
  649
 1701
  383
 1438
 8026
 7766
 7436
 2610
  762
 2603
 5917
 6724
  862
 2225
 4185
 7492
 9252
 5493
 9734
 1705
 9131
  216
 1916
 7093
 7315
 8586
 7025
 9010
 8031
 6637
 8562
  278
 3193
 3390
  578
 1677
 2209
 3773
 3038
 2619
 1988
 3580
 6641
 5617
 8445
 4857
 6526
 1028
 6566
 3052
   11
 8774
 1856
 6294
 6173
 6595
 5739
 7148
 7131
 7711
 5981
 3067
 4717
 8524
 5705
 3640
 5925
  142
 9842
  399
 8272
 6615
  711
  146
  293
 8252
  681
 7184
 5709
 6065
  316
 6224
 7501
 4940
 3553
 2911
 4685
   75
 1535
 7425
 5398
 2279
 5724
 5461
 6475
 4179
 8662
 5167
 6230
 9652
 5343
 4949
 4543
 7427
 7781
 5737
  636
 4441
 7270
 6813
 8029
 3019
 9208
 6559
 2179
 6236
 6380
 6971
 8276
 2660
 5841
 1596
 3289
 2597
 3850
 2513
 5395
 6169
 7960
 1035
 4212
 7084
 6789
 8982
 1907
 7141
  220
 4306
 1525
 2431
 2336
 9643
 4678
 7323
  680
 7600
 1667
 7938
 8875
 3513
 8194
 4697
 6523
 1823
 1318
 6323
 7287
   57
 3325
 3709
 2500
 9076
 4508
 8012
 7011
 9301
 9573
 1135
 3525
 4675
 2263
 2270
 3240
 7826
 2560
 8027
  709
 3992
 2726
 4425
 7698
 2205
 6925
 8826
  701
 8725
 9957
 6345
 9222
 8333
 2290
 8201
 3865
 7949
 2158
 6075
 9964
 8669
  594
 3508
 2057
 8714
 3838
 8577
 7372
  181
 3531
 8914
 2134
  554
 9630
 8966
 2056
 9172
 4882
 5566
 2576
 3511
 1245
 7187
 1400
 3911
 4580
 6287
 9420
 8320
 3110
 2115
 9728
 1986
 2541
 7138
 1570
 9751
 4759
 9536
   23
 4346
 8196
  788
 8779
 4723
 8429
  978
   48
 9388
 8532
 3339
 9851
 4371
 5172
 4129
 1775
 8113
 9284
 4967
 3698
 1670
 1908
  956
 9059
 8015
 4197
 9051
 4477
 8067
 7717
 8998
 2850
 1307
 1582
 7732
 7882
 7720
 7844
 9159
 5519
 3646
 2564
  460
 7377
 6569
 2963
 4256
 4740
  227
 5937
 6584
 6906
 9570
 7306
 9640
 7867
 6433
 3444
 3645
 6659
 4832
  668
 4548
 8388
 8845
 9220
 2906
  601
 4757
 3596
 9487
 8136
 5107
 2680
  955
 5470
 4948
 3832
 5358
 6932
 4752
 8656
   58
 9145
 8635
 1373
  663
 8657
 4243
 2208
 3532
 5649
 5159
 7476
 7511
 3263
 7154
 3020
 5889
 1222
 4749
 7122
 2792
 4368
 5869
 5598
 7114
 4074
 5842
 6247
 1742
 3910
 6051
 5166
 8707
 4549
 3316
 2677
 6936
 4181
 7851
  543
 4009
 3361
 6377
 6872
 6135
 4186
 9122
 7177
 8922
 2055
 5206
 1491
 8518
 3145
  361
 3804
 6045
  253
 2081
 4890
  981
 9756
 2926
 5932
 8893
 2128
 8967
 4204
 2813
 2386
 6163
 6764
 7387
 6199
 5407
 9987
 7613
 6922
 9119
 3465
  741
 3081
 4800
 9377
 1563
 6506
 8990
 6373
 2919
 9240
   96
 4886
  413
 8724
 7570
 3323
 1580
 2442
 7947
 1427
  623
 5347
 9177
  496
 2394
 1720
  222
 2222
 6181
 8400
 6438
 4056
 4463
 4771
   74
 5577
 4171
 3241
 9499
 4539
  794
 6211
 7705
 5018
 6861
 2849
 5351
 6928
 6087
 4810
 9364
 3780
 1204
 6089
 7450
 4951
 8328
 5288
 9761
  838
 1207
 2590
 1761
 5606
 3156
 9936
 6974
  445
 5846
 1396
 4420
 6022
 3624
 7484
 5400
 1611
 9469
 9007
 7659
 6393
 6537
 3790
 7282
 4038
  593
 9629
 7143
 7039
 3119
 2167
 3561
 1722
 4043
 1398
 5640
 8164
 3851
 1227
 7796
 2778
 7014
 8959
 5907
 7696
 5111
 3105
  702
 3272
 1807
 9256
 9157
 3758
 9262
 5096
   71
 1209
 4351
 7897
 7690
 8183
 3406
 3391
   90
 3246
 4048
 8262
  531
 4119
 2084
 6726
 3268
 1648
 9462
 3220
 5901
 8010
 5175
 3214
 7828
 9105
 3073
 1449
 7670
 1599
 5344
 9716
 4198
 2472
 1840
 4106
 7172
 9204
 9053
 9574
 4987
 9081
 8053
 4302
 4504
 8054
 9908
 5077
 9579
 9564
 9102
 2798
 7102
 1445
 6473
 6491
 4590
  767
 3414
 8650
 5689
   53
  696
 8605
 8357
 7254
 9927
 2723
 8263
 7601
 9120
 4296
 1818
 2716
 1007
 5412
 3524
 9791
 9315
 8880
 1887
 1960
 9348
 3549
 9945
 2529
 9552
  408
  881
 1675
 5778
 7729
  968
 3122
 9134
 6263
 9303
 4227
 5019
 7280
 7567
 1238
 6955
 1714
 5025
 4064
 5258
 9811
 8664
 7274
 1336
 7581
 8745
 9190
 1319
 5072
 9135
   44
 6761
 9876
 1385
 7667
 8217
 6623
 6820
 1516
   10
 2387
 5455
 4261
 3447
 3969
 5085
  866
 8857
 4146
 7849
 6072
 9903
 1270
   91
 7235
 3475
 6187
 9538
 6996
 1771
 9339
 8750
 1837
 2731
 3841
 8242
 9610
 7290
  452
 9894
 6188
 3962
 6385
  849
 8285
 6959
  891
 8957
 2217
 6251
 9855
 6770
 6580
 1821
 8476
 5920
 6796
 6462
 9967
 8081
 5342
 7185
 5935
 9949
 7336
  437
 5361
 8405
 5556
 1235
 8368
 8618
 4885
 1766
 3152
 7222
 9318
 9498
 1874
 7406
 8832
 6231
 7791
 6848
 9710
 2317
 6859
 2248
 7337
 9291
 6662
 3710
 7510
 9878
 1212
 1671
 5950
 7460
 8391
 3352
 8611
   36
 2067
 9096
 2753
 9421
 9516
 1196
 5198
 4788
 2629
 9352
 9750
 9854
 9396
 9639
  120
 1299
 5569
 8250
 5378
 5651
 7943
 8049
  426
  173
 4403
 9604
 9394
  239
 1632
 4025
 9884
 6343
 8498
 7837
 9907
 9397
 9825
 9378
 8256
 9901
 7937
 9169
 4847
  190
 9449
 6504
 7706
 2255
 1985
  523
 6883
 8668
 5645
  755
 9263
 7383
 8897
 5911
 5798
 7834
 9434
  511
 7555
 7082
 9472
 2977
 4428
 1294
 3012
 9452
 7736
  682
 4166
 9605
 8143
  512
 2253
 6018
 7228
  579
 5245
 5721
 6372
 1592
 2653
 6550
  532
 2043
 7593
 8297
 6142
 5415
  976
 3203
 2071
 7554
 1969
 1121
  398
 3779
 2136
 2728
 8225
 7316
 6240
 8277
 1923
   95
 1218
 4734
 6585
 2697
 9366
 6235
 8165
 5050
 5177
 8506
 6245
 2679
 5603
 4912
 8087
 8866
 5044
 1333
 3358
  811
 6265
 5753
 6629
 8426
 4503
 8112
 8970
  694
 5212
 5069
 3174
 3763
 7701
 8949
 2099
 5775
 6322
 7087
 5831
 5696
 9503
 8543
 4252
 1098